#=====================================================
# File created:        Thu-20-Feb-2025-at-06-06-12PM
# Size of lattice:     20x20
# Number of MC steps:  1000
# Reduced temperature: 0.650
# Run time (s):        8.583897
#=====================================================
# MC step:  Ratio:     Energy:   Order:
#=====================================================
   00000    0.5000    -425.5901  0.2716 
   00001    0.6625    -620.9231  0.2780 
   00002    0.6275    -705.8104  0.2854 
   00003    0.5900    -780.3768  0.2715 
   00004    0.5475    -876.9599  0.2848 
   00005    0.5525    -904.9160  0.2974 
   00006    0.5250    -928.3125  0.2821 
   00007    0.4950    -970.7785  0.2784 
   00008    0.4750    -979.9308  0.2944 
   00009    0.5350    -984.0908  0.3227 
   00010    0.4875   -1034.3935  0.3238 
   00011    0.4950   -1040.9803  0.3471 
   00012    0.5125   -1041.0793  0.3726 
   00013    0.5725   -1061.5028  0.4035 
   00014    0.4000   -1072.4386  0.4125 
   00015    0.4350   -1115.3541  0.4264 
   00016    0.4150   -1091.2063  0.4060 
   00017    0.4650   -1096.0505  0.4121 
   00018    0.4125   -1069.5913  0.3847 
   00019    0.4500   -1103.0554  0.3762 
   00020    0.4725   -1111.1327  0.3734 
   00021    0.4100   -1124.2464  0.3662 
   00022    0.4750   -1132.2427  0.3507 
   00023    0.4550   -1129.9157  0.3337 
   00024    0.4600   -1125.7434  0.3196 
   00025    0.4900   -1144.1641  0.3371 
   00026    0.4375   -1156.8117  0.3570 
   00027    0.4125   -1150.7224  0.3765 
   00028    0.4650   -1171.8222  0.3897 
   00029    0.4175   -1171.1050  0.3903 
   00030    0.4300   -1174.7502  0.3666 
   00031    0.4550   -1177.4452  0.3698 
   00032    0.4250   -1176.2745  0.3930 
   00033    0.4650   -1197.0324  0.3779 
   00034    0.3975   -1186.7548  0.3931 
   00035    0.4075   -1201.6772  0.3745 
   00036    0.4175   -1188.2167  0.4060 
   00037    0.4025   -1170.1759  0.4040 
   00038    0.4375   -1152.3740  0.4048 
   00039    0.3800   -1163.8386  0.3991 
   00040    0.4875   -1154.9294  0.3966 
   00041    0.3925   -1136.8723  0.3919 
   00042    0.4775   -1161.9453  0.4074 
   00043    0.4275   -1150.3504  0.3983 
   00044    0.4800   -1175.7589  0.4228 
   00045    0.4600   -1193.3448  0.4181 
   00046    0.4125   -1197.1990  0.4177 
   00047    0.3850   -1173.5646  0.4216 
   00048    0.4350   -1172.8980  0.4377 
   00049    0.4375   -1172.4111  0.4216 
   00050    0.4300   -1154.1591  0.4050 
   00051    0.4400   -1157.0531  0.4174 
   00052    0.4425   -1185.5462  0.4343 
   00053    0.3650   -1200.8437  0.4205 
   00054    0.4075   -1186.4159  0.4245 
   00055    0.4100   -1182.8408  0.4345 
   00056    0.4350   -1160.6068  0.4253 
   00057    0.4475   -1160.9498  0.4282 
   00058    0.4725   -1176.8199  0.4304 
   00059    0.3850   -1211.4088  0.4495 
   00060    0.4425   -1206.5412  0.4432 
   00061    0.4550   -1222.8351  0.4440 
   00062    0.4450   -1218.0158  0.4529 
   00063    0.4150   -1204.0262  0.4527 
   00064    0.3875   -1219.0544  0.4608 
   00065    0.4625   -1215.3820  0.4705 
   00066    0.3700   -1216.8203  0.4481 
   00067    0.4375   -1197.7888  0.4531 
   00068    0.4700   -1216.7938  0.4515 
   00069    0.4125   -1228.3069  0.4612 
   00070    0.4350   -1227.8840  0.4618 
   00071    0.4050   -1251.9432  0.4620 
   00072    0.4150   -1240.4031  0.4593 
   00073    0.3925   -1217.8650  0.4572 
   00074    0.4100   -1237.1362  0.4616 
   00075    0.4175   -1239.9076  0.4584 
   00076    0.4225   -1240.6101  0.4567 
   00077    0.3950   -1242.7882  0.4560 
   00078    0.4350   -1249.8032  0.4635 
   00079    0.3925   -1252.7054  0.4780 
   00080    0.4075   -1251.9261  0.4869 
   00081    0.3950   -1252.6474  0.4869 
   00082    0.4100   -1234.4337  0.4773 
   00083    0.4225   -1207.9156  0.4721 
   00084    0.4700   -1206.1818  0.4633 
   00085    0.4100   -1227.6892  0.4770 
   00086    0.3825   -1222.7814  0.4605 
   00087    0.4125   -1229.1480  0.4652 
   00088    0.3525   -1238.5937  0.4614 
   00089    0.4225   -1211.9396  0.4752 
   00090    0.4325   -1223.4063  0.4827 
   00091    0.3875   -1229.6179  0.4772 
   00092    0.4525   -1240.4313  0.4803 
   00093    0.4400   -1210.3169  0.4645 
   00094    0.4300   -1225.3113  0.4910 
   00095    0.4000   -1232.3988  0.4966 
   00096    0.4450   -1232.8051  0.5081 
   00097    0.3900   -1223.6548  0.5110 
   00098    0.4300   -1244.4838  0.5376 
   00099    0.4625   -1234.4807  0.5374 
   00100    0.3850   -1224.1874  0.5437 
   00101    0.4150   -1227.3505  0.5612 
   00102    0.4300   -1225.9487  0.5756 
   00103    0.4700   -1216.6313  0.5724 
   00104    0.4325   -1229.2802  0.5742 
   00105    0.4100   -1228.1883  0.5894 
   00106    0.4425   -1207.0023  0.5944 
   00107    0.4200   -1222.8360  0.5966 
   00108    0.4075   -1222.5314  0.5910 
   00109    0.3975   -1242.7667  0.5785 
   00110    0.3775   -1263.7113  0.5919 
   00111    0.4150   -1252.6516  0.5859 
   00112    0.4200   -1242.2797  0.5981 
   00113    0.4175   -1257.4537  0.5908 
   00114    0.4025   -1275.6859  0.5952 
   00115    0.3525   -1284.7326  0.5893 
   00116    0.4225   -1281.5731  0.5764 
   00117    0.4000   -1286.6758  0.5870 
   00118    0.4025   -1273.3048  0.5958 
   00119    0.3650   -1269.4498  0.5897 
   00120    0.3950   -1277.6498  0.6058 
   00121    0.4625   -1263.6181  0.5984 
   00122    0.4125   -1229.9506  0.5836 
   00123    0.4050   -1243.3181  0.5876 
   00124    0.4100   -1247.5161  0.5845 
   00125    0.4075   -1242.0035  0.5738 
   00126    0.3775   -1234.6786  0.5933 
   00127    0.4175   -1257.1298  0.5978 
   00128    0.3625   -1257.6157  0.6042 
   00129    0.4025   -1268.8570  0.6325 
   00130    0.4225   -1281.7316  0.6177 
   00131    0.4250   -1276.1049  0.5992 
   00132    0.4075   -1280.5874  0.6085 
   00133    0.4050   -1283.5851  0.6067 
   00134    0.4425   -1266.5685  0.6096 
   00135    0.3975   -1277.9011  0.6214 
   00136    0.4250   -1255.8832  0.6263 
   00137    0.4000   -1252.6165  0.6259 
   00138    0.4675   -1257.5040  0.6398 
   00139    0.4350   -1261.3708  0.6389 
   00140    0.3900   -1258.8125  0.6334 
   00141    0.4225   -1237.5830  0.6216 
   00142    0.3825   -1265.2675  0.6261 
   00143    0.4200   -1276.5388  0.6104 
   00144    0.4275   -1254.8972  0.5875 
   00145    0.3925   -1262.8486  0.5988 
   00146    0.4100   -1227.9722  0.5954 
   00147    0.4125   -1242.5577  0.6070 
   00148    0.4250   -1254.6000  0.5932 
   00149    0.3900   -1241.3328  0.5858 
   00150    0.3925   -1249.2270  0.5797 
   00151    0.3725   -1248.8604  0.5649 
   00152    0.3600   -1254.6572  0.5685 
   00153    0.4375   -1233.2271  0.5817 
   00154    0.4125   -1229.6400  0.5931 
   00155    0.4000   -1247.3614  0.5755 
   00156    0.4100   -1241.4102  0.5726 
   00157    0.3925   -1249.9628  0.5670 
   00158    0.4450   -1252.7086  0.5707 
   00159    0.4150   -1271.3341  0.5712 
   00160    0.3925   -1270.2466  0.6093 
   00161    0.3975   -1263.8677  0.6204 
   00162    0.4325   -1261.0142  0.6370 
   00163    0.4000   -1263.7816  0.6371 
   00164    0.4050   -1247.1969  0.6485 
   00165    0.4075   -1259.6506  0.6602 
   00166    0.4175   -1254.3078  0.6508 
   00167    0.3825   -1252.0653  0.6524 
   00168    0.3850   -1273.4613  0.6660 
   00169    0.4250   -1251.7422  0.6797 
   00170    0.3575   -1250.8658  0.6792 
   00171    0.3950   -1243.2411  0.6895 
   00172    0.4200   -1268.2417  0.6921 
   00173    0.3900   -1288.8697  0.7027 
   00174    0.4075   -1296.3594  0.6927 
   00175    0.3950   -1256.3088  0.6776 
   00176    0.4475   -1262.6059  0.6769 
   00177    0.3750   -1267.3989  0.6736 
   00178    0.4200   -1261.1615  0.6792 
   00179    0.3975   -1262.3155  0.7008 
   00180    0.4000   -1273.8088  0.6929 
   00181    0.3500   -1256.8998  0.6817 
   00182    0.4100   -1238.0065  0.6665 
   00183    0.4125   -1240.7378  0.6676 
   00184    0.4200   -1243.8526  0.6760 
   00185    0.3975   -1257.0000  0.7157 
   00186    0.3600   -1260.5777  0.7238 
   00187    0.4050   -1272.5961  0.7386 
   00188    0.4025   -1282.4123  0.7336 
   00189    0.4425   -1269.1243  0.7399 
   00190    0.4150   -1281.8631  0.7504 
   00191    0.4150   -1280.3943  0.7597 
   00192    0.4025   -1292.9262  0.7612 
   00193    0.3850   -1299.5270  0.7569 
   00194    0.3750   -1296.6077  0.7542 
   00195    0.3750   -1285.3141  0.7488 
   00196    0.4125   -1273.1946  0.7671 
   00197    0.4350   -1285.2708  0.7608 
   00198    0.3650   -1272.7008  0.7461 
   00199    0.4325   -1241.9950  0.7457 
   00200    0.4425   -1230.5414  0.7117 
   00201    0.3700   -1236.1188  0.7246 
   00202    0.3900   -1267.3125  0.7410 
   00203    0.3875   -1269.1327  0.7540 
   00204    0.4050   -1283.9890  0.7655 
   00205    0.4100   -1286.1688  0.7715 
   00206    0.4100   -1274.9729  0.7789 
   00207    0.4150   -1249.1949  0.7559 
   00208    0.4200   -1257.3625  0.7638 
   00209    0.3925   -1258.8341  0.7657 
   00210    0.3800   -1266.3127  0.7720 
   00211    0.4100   -1268.9236  0.7738 
   00212    0.3850   -1284.5486  0.7808 
   00213    0.4025   -1280.3043  0.7763 
   00214    0.3975   -1277.0817  0.7843 
   00215    0.4325   -1278.5330  0.7894 
   00216    0.3975   -1286.2541  0.7821 
   00217    0.3725   -1294.4751  0.7830 
   00218    0.3925   -1293.2479  0.7774 
   00219    0.3750   -1285.2030  0.7718 
   00220    0.4350   -1291.5223  0.7845 
   00221    0.4025   -1287.0725  0.7868 
   00222    0.3375   -1290.5116  0.7817 
   00223    0.4275   -1268.1791  0.7744 
   00224    0.3800   -1281.2060  0.7743 
   00225    0.3725   -1286.7400  0.7679 
   00226    0.4275   -1284.9724  0.7572 
   00227    0.4100   -1278.7039  0.7678 
   00228    0.3850   -1248.5687  0.7674 
   00229    0.3875   -1240.6296  0.7660 
   00230    0.4525   -1235.8885  0.7602 
   00231    0.4300   -1223.7370  0.7260 
   00232    0.4525   -1217.3678  0.7179 
   00233    0.3850   -1224.6598  0.7298 
   00234    0.4325   -1251.6402  0.7474 
   00235    0.4150   -1243.3207  0.7459 
   00236    0.4100   -1275.1074  0.7629 
   00237    0.4250   -1241.8519  0.7427 
   00238    0.3475   -1234.0229  0.7491 
   00239    0.4075   -1234.1619  0.7491 
   00240    0.3950   -1260.8213  0.7522 
   00241    0.4450   -1250.2558  0.7579 
   00242    0.3950   -1260.3763  0.7762 
   00243    0.3650   -1246.9462  0.7515 
   00244    0.4225   -1263.6755  0.7583 
   00245    0.4000   -1249.2283  0.7456 
   00246    0.3975   -1236.7662  0.7425 
   00247    0.3925   -1244.3730  0.7516 
   00248    0.3875   -1239.1588  0.7448 
   00249    0.3775   -1252.6392  0.7550 
   00250    0.4300   -1254.2258  0.7545 
   00251    0.4075   -1258.8479  0.7614 
   00252    0.3750   -1290.4188  0.7627 
   00253    0.4175   -1290.9750  0.7638 
   00254    0.3975   -1289.5316  0.7657 
   00255    0.3925   -1295.6271  0.7705 
   00256    0.4125   -1275.4366  0.7593 
   00257    0.3750   -1287.2722  0.7687 
   00258    0.4150   -1291.1041  0.7571 
   00259    0.3825   -1298.3209  0.7640 
   00260    0.3825   -1289.0923  0.7767 
   00261    0.4075   -1258.6080  0.7608 
   00262    0.4100   -1281.2915  0.7633 
   00263    0.3725   -1258.6042  0.7570 
   00264    0.4025   -1264.8098  0.7498 
   00265    0.4150   -1252.0736  0.7615 
   00266    0.4150   -1252.8362  0.7563 
   00267    0.4400   -1248.8951  0.7572 
   00268    0.4275   -1224.6945  0.7485 
   00269    0.4475   -1238.6026  0.7464 
   00270    0.3775   -1236.6326  0.7455 
   00271    0.4200   -1208.7101  0.7427 
   00272    0.4150   -1241.9079  0.7347 
   00273    0.3950   -1245.4841  0.7233 
   00274    0.4375   -1240.5364  0.6966 
   00275    0.3975   -1223.6326  0.6747 
   00276    0.3700   -1238.5281  0.6766 
   00277    0.3825   -1244.1338  0.6788 
   00278    0.3950   -1242.4403  0.6851 
   00279    0.4225   -1257.3955  0.6948 
   00280    0.3875   -1254.8027  0.7108 
   00281    0.4175   -1244.7734  0.6994 
   00282    0.4425   -1238.0793  0.7089 
   00283    0.4375   -1231.1179  0.7082 
   00284    0.4150   -1223.8401  0.7159 
   00285    0.4025   -1223.0418  0.7207 
   00286    0.4350   -1229.3208  0.7168 
   00287    0.4125   -1212.2726  0.7203 
   00288    0.4200   -1231.4227  0.7221 
   00289    0.3950   -1261.6511  0.7326 
   00290    0.3800   -1241.9933  0.7244 
   00291    0.4500   -1240.4704  0.7170 
   00292    0.4225   -1215.3890  0.7182 
   00293    0.4200   -1225.8503  0.7023 
   00294    0.4175   -1238.9807  0.7107 
   00295    0.3775   -1265.9763  0.7233 
   00296    0.4025   -1248.8650  0.7273 
   00297    0.3825   -1262.2770  0.7435 
   00298    0.4425   -1263.3758  0.7267 
   00299    0.4675   -1231.1314  0.7143 
   00300    0.4400   -1245.8695  0.7216 
   00301    0.3800   -1261.0711  0.7350 
   00302    0.4000   -1285.6186  0.7526 
   00303    0.4325   -1298.7754  0.7695 
   00304    0.3875   -1294.6473  0.7761 
   00305    0.4000   -1285.8469  0.7699 
   00306    0.4075   -1281.1038  0.7588 
   00307    0.3600   -1280.2049  0.7745 
   00308    0.3650   -1268.9693  0.7779 
   00309    0.4025   -1291.6625  0.7867 
   00310    0.4050   -1281.3358  0.7873 
   00311    0.4600   -1309.6289  0.7915 
   00312    0.3425   -1317.6381  0.8026 
   00313    0.4025   -1306.2027  0.8069 
   00314    0.4250   -1279.8955  0.7929 
   00315    0.4000   -1308.3323  0.8051 
   00316    0.3950   -1330.4198  0.8077 
   00317    0.4025   -1307.8073  0.8041 
   00318    0.3550   -1308.5020  0.8030 
   00319    0.3800   -1301.6682  0.7966 
   00320    0.4325   -1288.3031  0.7974 
   00321    0.3850   -1286.5271  0.7961 
   00322    0.3725   -1292.4687  0.7876 
   00323    0.4350   -1285.2204  0.7792 
   00324    0.4175   -1268.8211  0.7814 
   00325    0.3800   -1245.2716  0.7723 
   00326    0.4250   -1261.4668  0.7769 
   00327    0.3825   -1271.4800  0.7933 
   00328    0.3975   -1275.1538  0.7861 
   00329    0.4025   -1256.4645  0.7781 
   00330    0.3975   -1250.4332  0.7680 
   00331    0.4000   -1284.1605  0.7814 
   00332    0.3800   -1274.9228  0.7787 
   00333    0.3775   -1289.5511  0.7878 
   00334    0.3850   -1285.9615  0.7894 
   00335    0.4075   -1286.9507  0.7807 
   00336    0.3725   -1302.1944  0.7863 
   00337    0.3600   -1313.5056  0.7950 
   00338    0.3675   -1299.8046  0.7915 
   00339    0.3850   -1321.2522  0.7973 
   00340    0.4500   -1319.7702  0.7875 
   00341    0.4150   -1312.5590  0.7914 
   00342    0.3725   -1306.5324  0.7847 
   00343    0.4025   -1302.5098  0.7870 
   00344    0.3900   -1317.7916  0.7877 
   00345    0.4100   -1293.3255  0.7754 
   00346    0.3750   -1292.0069  0.7709 
   00347    0.4025   -1285.3057  0.7626 
   00348    0.3900   -1279.1253  0.7586 
   00349    0.4075   -1301.2005  0.7677 
   00350    0.3625   -1311.6662  0.7712 
   00351    0.4325   -1305.8118  0.7733 
   00352    0.3950   -1301.2287  0.7734 
   00353    0.4075   -1299.2058  0.7727 
   00354    0.3500   -1294.3523  0.7532 
   00355    0.4225   -1301.2955  0.7630 
   00356    0.3950   -1309.0338  0.7691 
   00357    0.3900   -1317.5417  0.7791 
   00358    0.3775   -1320.8294  0.7923 
   00359    0.3800   -1313.2458  0.7780 
   00360    0.3600   -1317.0057  0.7886 
   00361    0.3550   -1320.4145  0.7990 
   00362    0.3600   -1326.1662  0.8034 
   00363    0.3850   -1310.2946  0.7923 
   00364    0.4125   -1330.8525  0.7977 
   00365    0.3650   -1322.5879  0.7925 
   00366    0.3750   -1319.5333  0.7937 
   00367    0.4000   -1317.2750  0.7983 
   00368    0.4075   -1328.2808  0.8098 
   00369    0.4350   -1322.4001  0.7923 
   00370    0.4150   -1312.4779  0.8020 
   00371    0.3725   -1309.8980  0.7984 
   00372    0.3800   -1295.5001  0.7773 
   00373    0.3975   -1296.0127  0.7762 
   00374    0.3825   -1298.3841  0.7851 
   00375    0.4075   -1287.6560  0.7971 
   00376    0.4225   -1277.5942  0.8007 
   00377    0.3750   -1310.2629  0.8193 
   00378    0.3950   -1314.8439  0.8153 
   00379    0.3850   -1330.2862  0.8269 
   00380    0.3625   -1338.4547  0.8392 
   00381    0.3675   -1333.6282  0.8372 
   00382    0.4075   -1335.3149  0.8394 
   00383    0.3425   -1345.8034  0.8396 
   00384    0.4025   -1326.6474  0.8286 
   00385    0.4625   -1275.9061  0.8203 
   00386    0.3475   -1280.5888  0.8269 
   00387    0.4100   -1293.8061  0.8280 
   00388    0.3625   -1311.9919  0.8422 
   00389    0.3925   -1298.5209  0.8367 
   00390    0.4200   -1270.2669  0.8215 
   00391    0.4400   -1284.7526  0.8215 
   00392    0.4025   -1282.4783  0.8265 
   00393    0.3900   -1286.8236  0.8231 
   00394    0.4325   -1276.0484  0.8250 
   00395    0.4275   -1245.6654  0.8074 
   00396    0.4650   -1256.6316  0.8154 
   00397    0.3950   -1276.2896  0.8211 
   00398    0.4225   -1278.9223  0.8253 
   00399    0.4175   -1269.4697  0.8175 
   00400    0.4225   -1271.6296  0.8089 
   00401    0.4275   -1267.6676  0.8110 
   00402    0.4025   -1292.5738  0.8252 
   00403    0.4025   -1291.5586  0.8351 
   00404    0.4250   -1274.4365  0.8388 
   00405    0.3650   -1272.0039  0.8363 
   00406    0.3350   -1263.4227  0.8258 
   00407    0.4125   -1241.3135  0.8064 
   00408    0.4275   -1248.3616  0.8124 
   00409    0.4550   -1264.6772  0.8135 
   00410    0.4050   -1272.3041  0.8199 
   00411    0.4150   -1290.2765  0.8238 
   00412    0.3925   -1270.4388  0.8187 
   00413    0.4000   -1279.2212  0.8238 
   00414    0.3875   -1282.2353  0.8311 
   00415    0.4200   -1300.4966  0.8316 
   00416    0.4075   -1282.0865  0.8288 
   00417    0.3900   -1290.0042  0.8267 
   00418    0.4075   -1290.1328  0.8227 
   00419    0.3925   -1289.3727  0.8139 
   00420    0.3950   -1301.9001  0.8175 
   00421    0.3950   -1290.4983  0.8111 
   00422    0.4075   -1268.3345  0.7980 
   00423    0.3750   -1277.5675  0.8029 
   00424    0.3700   -1272.3150  0.7964 
   00425    0.3925   -1276.4505  0.7958 
   00426    0.3625   -1281.5438  0.7895 
   00427    0.3800   -1277.1568  0.7992 
   00428    0.4050   -1300.5347  0.8138 
   00429    0.4175   -1287.3845  0.8041 
   00430    0.3875   -1257.5303  0.8077 
   00431    0.3625   -1257.3968  0.8022 
   00432    0.4025   -1243.9279  0.7978 
   00433    0.3975   -1266.0786  0.8087 
   00434    0.4175   -1283.7753  0.8162 
   00435    0.3800   -1265.9809  0.8151 
   00436    0.4025   -1285.5744  0.8196 
   00437    0.3725   -1294.1786  0.8174 
   00438    0.3575   -1305.3433  0.8128 
   00439    0.3875   -1290.5333  0.8173 
   00440    0.3775   -1291.1963  0.8125 
   00441    0.3750   -1278.9009  0.8119 
   00442    0.4100   -1266.8356  0.8127 
   00443    0.4300   -1262.8255  0.8182 
   00444    0.3775   -1258.0272  0.8136 
   00445    0.4000   -1268.0740  0.8173 
   00446    0.4250   -1278.2841  0.8172 
   00447    0.4575   -1271.6145  0.8283 
   00448    0.3750   -1300.7343  0.8398 
   00449    0.4250   -1286.7510  0.8352 
   00450    0.4075   -1292.3314  0.8258 
   00451    0.4150   -1278.8647  0.8269 
   00452    0.4000   -1261.8195  0.8220 
   00453    0.3975   -1272.1213  0.8252 
   00454    0.3575   -1279.2950  0.8303 
   00455    0.4025   -1288.6447  0.8347 
   00456    0.4425   -1271.3238  0.8392 
   00457    0.3575   -1281.6091  0.8348 
   00458    0.4100   -1262.6496  0.8292 
   00459    0.3575   -1274.1947  0.8327 
   00460    0.3950   -1290.3914  0.8374 
   00461    0.4150   -1307.7062  0.8278 
   00462    0.3625   -1287.0326  0.8202 
   00463    0.4050   -1284.0048  0.8173 
   00464    0.3900   -1291.2336  0.8137 
   00465    0.3850   -1291.6611  0.8063 
   00466    0.4200   -1304.9061  0.8131 
   00467    0.3600   -1285.4760  0.7987 
   00468    0.3700   -1294.0215  0.8066 
   00469    0.3850   -1314.2093  0.8205 
   00470    0.3825   -1304.4636  0.8213 
   00471    0.3875   -1296.6996  0.8277 
   00472    0.3900   -1311.4996  0.8343 
   00473    0.3925   -1313.9002  0.8453 
   00474    0.4225   -1334.6873  0.8506 
   00475    0.3775   -1327.3036  0.8580 
   00476    0.4250   -1335.0617  0.8613 
   00477    0.4250   -1338.9633  0.8594 
   00478    0.3900   -1313.3228  0.8535 
   00479    0.3250   -1309.1870  0.8530 
   00480    0.4100   -1295.0212  0.8424 
   00481    0.3925   -1334.3986  0.8618 
   00482    0.3975   -1347.1192  0.8609 
   00483    0.4175   -1328.0074  0.8599 
   00484    0.3975   -1329.5422  0.8609 
   00485    0.3900   -1358.3169  0.8757 
   00486    0.3525   -1354.6482  0.8707 
   00487    0.3875   -1333.6681  0.8666 
   00488    0.3775   -1313.0831  0.8656 
   00489    0.3875   -1303.1302  0.8467 
   00490    0.3550   -1291.0355  0.8448 
   00491    0.3650   -1277.9382  0.8471 
   00492    0.3950   -1290.3525  0.8387 
   00493    0.3850   -1299.1826  0.8345 
   00494    0.3900   -1307.1827  0.8309 
   00495    0.4375   -1275.9354  0.8192 
   00496    0.4225   -1240.3245  0.8173 
   00497    0.4400   -1281.2078  0.8233 
   00498    0.4125   -1282.8712  0.8126 
   00499    0.3825   -1285.4134  0.8119 
   00500    0.4075   -1259.8227  0.8139 
   00501    0.3650   -1232.4836  0.7935 
   00502    0.3650   -1255.0865  0.8050 
   00503    0.4200   -1286.0418  0.8169 
   00504    0.3650   -1296.9442  0.8247 
   00505    0.3800   -1306.6944  0.8257 
   00506    0.4525   -1299.9363  0.8233 
   00507    0.4075   -1320.6558  0.8237 
   00508    0.3750   -1310.2332  0.8207 
   00509    0.3800   -1308.0134  0.8201 
   00510    0.3950   -1298.8327  0.8253 
   00511    0.3950   -1276.4461  0.8125 
   00512    0.4100   -1273.1027  0.8311 
   00513    0.3475   -1276.8037  0.8260 
   00514    0.3875   -1261.6415  0.8001 
   00515    0.3925   -1253.2182  0.7858 
   00516    0.4050   -1249.4170  0.7836 
   00517    0.4125   -1258.5510  0.7892 
   00518    0.4125   -1284.0686  0.8038 
   00519    0.4400   -1246.6255  0.7878 
   00520    0.4025   -1258.4239  0.7857 
   00521    0.3700   -1279.1422  0.7929 
   00522    0.4125   -1277.3456  0.7934 
   00523    0.4050   -1291.1948  0.7927 
   00524    0.4350   -1269.8369  0.7879 
   00525    0.4025   -1287.7855  0.7924 
   00526    0.3475   -1285.9539  0.7838 
   00527    0.4000   -1271.6746  0.7826 
   00528    0.4125   -1266.4579  0.7646 
   00529    0.4025   -1259.0771  0.7503 
   00530    0.4200   -1262.5168  0.7627 
   00531    0.4325   -1242.9844  0.7457 
   00532    0.3725   -1261.8081  0.7579 
   00533    0.4000   -1280.9535  0.7663 
   00534    0.4050   -1292.0892  0.7735 
   00535    0.4150   -1302.4404  0.7722 
   00536    0.4300   -1300.3970  0.7803 
   00537    0.4175   -1281.9713  0.7788 
   00538    0.3950   -1278.1135  0.7747 
   00539    0.4500   -1266.8801  0.7804 
   00540    0.3900   -1264.8095  0.7776 
   00541    0.4200   -1271.0146  0.7914 
   00542    0.4350   -1275.3182  0.7997 
   00543    0.3975   -1301.1451  0.7993 
   00544    0.4225   -1275.1609  0.7975 
   00545    0.4100   -1299.4556  0.8189 
   00546    0.4100   -1299.5605  0.8220 
   00547    0.3750   -1307.4060  0.8345 
   00548    0.3875   -1308.0710  0.8381 
   00549    0.4150   -1339.0041  0.8480 
   00550    0.4100   -1323.4725  0.8513 
   00551    0.3775   -1335.6592  0.8522 
   00552    0.3950   -1340.6348  0.8551 
   00553    0.3725   -1323.5796  0.8490 
   00554    0.3950   -1317.0142  0.8481 
   00555    0.3850   -1334.2413  0.8582 
   00556    0.3975   -1319.9170  0.8567 
   00557    0.3600   -1316.5559  0.8540 
   00558    0.4075   -1307.9471  0.8562 
   00559    0.3850   -1324.2208  0.8531 
   00560    0.3725   -1305.2110  0.8384 
   00561    0.4425   -1282.9894  0.8206 
   00562    0.4225   -1290.3677  0.8305 
   00563    0.4125   -1312.4963  0.8277 
   00564    0.4175   -1290.0221  0.8289 
   00565    0.4100   -1307.1882  0.8240 
   00566    0.4475   -1310.8781  0.8206 
   00567    0.3600   -1325.8591  0.8365 
   00568    0.3950   -1310.5452  0.8283 
   00569    0.3925   -1313.9691  0.8369 
   00570    0.3750   -1295.8276  0.8380 
   00571    0.4150   -1301.0311  0.8410 
   00572    0.3800   -1298.0840  0.8344 
   00573    0.3650   -1302.0490  0.8358 
   00574    0.3825   -1304.5110  0.8378 
   00575    0.4075   -1291.3501  0.8349 
   00576    0.4225   -1305.2532  0.8357 
   00577    0.4000   -1311.8595  0.8290 
   00578    0.3650   -1323.2680  0.8256 
   00579    0.3725   -1300.4128  0.8261 
   00580    0.4100   -1309.0981  0.8333 
   00581    0.4175   -1307.6133  0.8272 
   00582    0.3400   -1288.6838  0.8171 
   00583    0.3750   -1282.6420  0.8265 
   00584    0.4325   -1284.5490  0.8241 
   00585    0.4025   -1277.1002  0.8256 
   00586    0.3625   -1270.4805  0.8194 
   00587    0.4325   -1245.2730  0.8012 
   00588    0.4100   -1235.9871  0.7976 
   00589    0.3750   -1267.2167  0.8026 
   00590    0.3825   -1246.7712  0.7934 
   00591    0.3975   -1240.4936  0.7940 
   00592    0.4100   -1241.9996  0.7887 
   00593    0.4175   -1231.3676  0.7886 
   00594    0.4350   -1225.5264  0.7805 
   00595    0.3800   -1238.8540  0.7819 
   00596    0.4125   -1265.5406  0.7932 
   00597    0.3600   -1275.7089  0.8049 
   00598    0.3900   -1292.0084  0.8171 
   00599    0.4100   -1281.2817  0.8049 
   00600    0.3800   -1286.8477  0.8129 
   00601    0.3700   -1281.7701  0.8063 
   00602    0.3825   -1277.6653  0.8119 
   00603    0.3975   -1281.9793  0.8008 
   00604    0.3950   -1281.2589  0.8042 
   00605    0.4025   -1260.0528  0.7945 
   00606    0.3975   -1238.7606  0.7858 
   00607    0.4025   -1259.8618  0.7958 
   00608    0.4175   -1291.1178  0.8032 
   00609    0.4000   -1284.2718  0.8037 
   00610    0.4475   -1265.6670  0.8072 
   00611    0.4150   -1270.2624  0.8170 
   00612    0.3600   -1292.4845  0.8226 
   00613    0.4175   -1278.1094  0.8085 
   00614    0.3925   -1275.0231  0.7955 
   00615    0.4525   -1290.8300  0.8006 
   00616    0.3775   -1280.2711  0.7953 
   00617    0.3625   -1271.7334  0.7957 
   00618    0.3925   -1263.7317  0.7938 
   00619    0.4575   -1265.0918  0.7996 
   00620    0.3650   -1282.0461  0.7989 
   00621    0.4600   -1270.7635  0.8032 
   00622    0.4475   -1290.1603  0.8116 
   00623    0.3975   -1295.3536  0.8119 
   00624    0.3400   -1312.7413  0.8198 
   00625    0.4000   -1277.9003  0.8067 
   00626    0.4050   -1282.0270  0.8065 
   00627    0.4050   -1285.6253  0.8083 
   00628    0.4050   -1262.9735  0.7891 
   00629    0.3900   -1250.9914  0.7984 
   00630    0.4075   -1248.3686  0.8016 
   00631    0.4075   -1251.5000  0.7939 
   00632    0.4300   -1261.4745  0.7946 
   00633    0.3700   -1259.2764  0.7943 
   00634    0.4225   -1247.3472  0.7915 
   00635    0.4025   -1278.9524  0.8021 
   00636    0.4250   -1258.7240  0.7894 
   00637    0.3875   -1252.1514  0.7847 
   00638    0.4000   -1234.4692  0.7733 
   00639    0.3975   -1262.1920  0.7790 
   00640    0.3850   -1266.1248  0.7765 
   00641    0.4425   -1240.6965  0.7672 
   00642    0.3900   -1226.8232  0.7700 
   00643    0.4175   -1227.1374  0.7785 
   00644    0.3950   -1265.1246  0.7827 
   00645    0.3875   -1255.8173  0.7775 
   00646    0.4175   -1233.7487  0.7642 
   00647    0.4175   -1209.8862  0.7589 
   00648    0.4375   -1212.4123  0.7704 
   00649    0.3650   -1237.9839  0.7811 
   00650    0.4225   -1255.8516  0.7746 
   00651    0.3675   -1270.2437  0.7798 
   00652    0.4275   -1273.4751  0.7700 
   00653    0.4050   -1290.4099  0.7856 
   00654    0.3925   -1295.8830  0.7960 
   00655    0.3850   -1289.3770  0.7962 
   00656    0.4250   -1265.8477  0.7845 
   00657    0.3725   -1269.0284  0.7652 
   00658    0.3600   -1259.5154  0.7698 
   00659    0.4075   -1245.7053  0.7575 
   00660    0.3850   -1250.4838  0.7554 
   00661    0.3900   -1249.3622  0.7506 
   00662    0.3975   -1267.8460  0.7536 
   00663    0.3975   -1278.3728  0.7614 
   00664    0.4425   -1277.2172  0.7772 
   00665    0.3875   -1292.9938  0.7944 
   00666    0.3550   -1275.4356  0.7904 
   00667    0.4150   -1272.2786  0.7822 
   00668    0.4075   -1271.9322  0.7955 
   00669    0.4000   -1275.4141  0.7991 
   00670    0.4175   -1254.7195  0.7939 
   00671    0.3575   -1270.1042  0.7977 
   00672    0.4150   -1286.7995  0.7985 
   00673    0.3775   -1261.8923  0.7860 
   00674    0.3850   -1272.5155  0.7919 
   00675    0.3900   -1282.4659  0.7908 
   00676    0.3775   -1282.8993  0.8006 
   00677    0.3800   -1297.8070  0.8081 
   00678    0.4075   -1308.2034  0.8134 
   00679    0.3800   -1306.3138  0.8219 
   00680    0.4225   -1320.3387  0.8236 
   00681    0.4300   -1286.2517  0.8145 
   00682    0.3950   -1301.0823  0.8216 
   00683    0.3700   -1322.3893  0.8393 
   00684    0.3775   -1316.6936  0.8314 
   00685    0.3675   -1311.4392  0.8275 
   00686    0.3950   -1301.8156  0.8342 
   00687    0.3900   -1305.6965  0.8396 
   00688    0.3375   -1305.9785  0.8397 
   00689    0.3825   -1293.2944  0.8366 
   00690    0.4550   -1290.4429  0.8363 
   00691    0.4025   -1278.3511  0.8363 
   00692    0.3775   -1282.5184  0.8316 
   00693    0.4600   -1293.9058  0.8414 
   00694    0.4125   -1284.5797  0.8385 
   00695    0.3975   -1280.6056  0.8397 
   00696    0.4125   -1275.0688  0.8330 
   00697    0.3900   -1287.5356  0.8391 
   00698    0.3450   -1288.0264  0.8367 
   00699    0.3900   -1284.3648  0.8341 
   00700    0.3925   -1270.9398  0.8300 
   00701    0.4125   -1289.7146  0.8423 
   00702    0.3825   -1305.6144  0.8477 
   00703    0.4300   -1303.1644  0.8497 
   00704    0.3650   -1303.5833  0.8444 
   00705    0.3725   -1304.9843  0.8390 
   00706    0.3900   -1295.2596  0.8403 
   00707    0.3850   -1296.3633  0.8297 
   00708    0.3950   -1283.5792  0.8384 
   00709    0.4050   -1280.2831  0.8381 
   00710    0.4150   -1268.4605  0.8212 
   00711    0.4050   -1265.3435  0.8075 
   00712    0.4400   -1251.2503  0.8032 
   00713    0.4525   -1251.7366  0.8083 
   00714    0.3950   -1248.3237  0.8058 
   00715    0.4100   -1285.7475  0.8054 
   00716    0.3800   -1298.8667  0.8106 
   00717    0.4050   -1298.8157  0.8102 
   00718    0.3900   -1302.4131  0.8246 
   00719    0.3775   -1311.9950  0.8210 
   00720    0.4125   -1310.0907  0.8197 
   00721    0.3675   -1301.6742  0.8222 
   00722    0.3950   -1305.3331  0.8238 
   00723    0.3825   -1306.3116  0.8275 
   00724    0.3625   -1320.9848  0.8298 
   00725    0.4150   -1317.5503  0.8176 
   00726    0.3525   -1301.8392  0.8135 
   00727    0.4175   -1283.3491  0.8183 
   00728    0.4125   -1266.5788  0.7972 
   00729    0.3750   -1297.0573  0.8048 
   00730    0.4325   -1286.3801  0.8050 
   00731    0.4125   -1300.8116  0.8032 
   00732    0.3725   -1286.0114  0.7998 
   00733    0.3975   -1281.8156  0.8004 
   00734    0.4200   -1291.6821  0.7947 
   00735    0.4400   -1272.8234  0.7933 
   00736    0.3475   -1282.9276  0.7939 
   00737    0.3200   -1296.7921  0.8063 
   00738    0.3775   -1295.0222  0.7978 
   00739    0.3975   -1284.9895  0.7892 
   00740    0.4025   -1245.6728  0.7541 
   00741    0.3750   -1269.9335  0.7700 
   00742    0.3675   -1272.3437  0.7618 
   00743    0.4025   -1290.3587  0.7694 
   00744    0.3850   -1307.2985  0.7693 
   00745    0.3925   -1292.1398  0.7720 
   00746    0.3600   -1296.5082  0.7825 
   00747    0.3625   -1289.1971  0.7739 
   00748    0.4575   -1255.7007  0.7771 
   00749    0.4075   -1276.1166  0.7852 
   00750    0.4050   -1267.5940  0.7710 
   00751    0.3850   -1277.0787  0.7711 
   00752    0.4300   -1285.6814  0.7859 
   00753    0.3725   -1312.0030  0.8048 
   00754    0.4100   -1329.9406  0.8222 
   00755    0.3925   -1308.7970  0.8203 
   00756    0.3950   -1304.0250  0.8189 
   00757    0.3800   -1319.0629  0.8304 
   00758    0.3875   -1315.8213  0.8318 
   00759    0.3825   -1311.5870  0.8270 
   00760    0.3650   -1305.1989  0.8170 
   00761    0.4125   -1289.0178  0.8101 
   00762    0.3700   -1301.3465  0.8145 
   00763    0.3875   -1293.1418  0.8155 
   00764    0.3900   -1286.5073  0.8191 
   00765    0.3625   -1287.9325  0.8099 
   00766    0.4175   -1293.3091  0.8143 
   00767    0.3850   -1283.3796  0.8034 
   00768    0.3900   -1288.4895  0.8021 
   00769    0.3725   -1278.8930  0.7929 
   00770    0.4150   -1265.7691  0.7871 
   00771    0.3950   -1252.0549  0.7824 
   00772    0.4100   -1255.8748  0.7778 
   00773    0.3975   -1247.0407  0.7708 
   00774    0.3750   -1246.6478  0.7681 
   00775    0.3825   -1257.4047  0.7757 
   00776    0.4200   -1277.3490  0.7745 
   00777    0.4000   -1282.5915  0.7814 
   00778    0.3775   -1294.9120  0.7928 
   00779    0.4150   -1286.1731  0.7741 
   00780    0.4075   -1286.1880  0.7770 
   00781    0.3550   -1255.9736  0.7700 
   00782    0.3900   -1265.2144  0.7722 
   00783    0.3800   -1271.5873  0.7835 
   00784    0.4275   -1292.8384  0.7990 
   00785    0.4075   -1286.6698  0.7887 
   00786    0.4275   -1324.7442  0.8080 
   00787    0.3950   -1319.2180  0.7938 
   00788    0.3650   -1304.1135  0.7852 
   00789    0.4100   -1308.9750  0.7745 
   00790    0.4400   -1291.4873  0.7780 
   00791    0.4175   -1267.7232  0.7528 
   00792    0.4625   -1284.9253  0.7620 
   00793    0.3775   -1286.5396  0.7709 
   00794    0.3725   -1285.3303  0.7741 
   00795    0.3875   -1278.7558  0.7677 
   00796    0.4375   -1279.4432  0.7581 
   00797    0.4400   -1250.7708  0.7529 
   00798    0.4075   -1271.8961  0.7613 
   00799    0.4200   -1274.6290  0.7667 
   00800    0.3850   -1287.4127  0.7550 
   00801    0.3875   -1270.2833  0.7470 
   00802    0.3875   -1281.2237  0.7372 
   00803    0.3700   -1270.9339  0.7204 
   00804    0.4425   -1275.1522  0.7329 
   00805    0.3650   -1304.2456  0.7580 
   00806    0.3600   -1305.9969  0.7567 
   00807    0.3975   -1314.3555  0.7593 
   00808    0.4050   -1322.6165  0.7666 
   00809    0.4150   -1288.3955  0.7679 
   00810    0.3950   -1275.6221  0.7686 
   00811    0.4225   -1266.8816  0.7740 
   00812    0.4125   -1284.8417  0.7741 
   00813    0.3550   -1275.8876  0.7637 
   00814    0.4175   -1281.5565  0.7555 
   00815    0.3975   -1302.9518  0.7735 
   00816    0.4200   -1299.0188  0.7711 
   00817    0.3725   -1290.0917  0.7736 
   00818    0.3900   -1280.8755  0.7697 
   00819    0.3900   -1306.7814  0.7738 
   00820    0.3975   -1321.5416  0.7783 
   00821    0.3800   -1311.7632  0.7856 
   00822    0.3800   -1316.1640  0.7950 
   00823    0.3650   -1302.1838  0.7923 
   00824    0.3625   -1277.9204  0.7917 
   00825    0.4350   -1274.7976  0.8005 
   00826    0.4275   -1289.2889  0.8041 
   00827    0.3750   -1276.0742  0.7995 
   00828    0.4400   -1265.3298  0.7924 
   00829    0.3975   -1272.3633  0.7975 
   00830    0.3775   -1261.7889  0.7837 
   00831    0.4425   -1241.2808  0.7832 
   00832    0.4450   -1267.1056  0.7902 
   00833    0.4375   -1255.8236  0.7863 
   00834    0.3725   -1243.5052  0.7967 
   00835    0.4025   -1226.9552  0.7872 
   00836    0.3875   -1253.8727  0.7843 
   00837    0.3975   -1266.8212  0.7873 
   00838    0.3850   -1275.5664  0.7966 
   00839    0.4125   -1277.3494  0.7941 
   00840    0.4100   -1268.6282  0.7826 
   00841    0.4200   -1274.9404  0.7747 
   00842    0.3925   -1275.2046  0.7707 
   00843    0.4350   -1289.2587  0.7760 
   00844    0.3750   -1307.5816  0.7778 
   00845    0.4625   -1318.1600  0.7791 
   00846    0.4150   -1314.2267  0.7884 
   00847    0.3725   -1311.2448  0.8023 
   00848    0.4000   -1307.2203  0.8102 
   00849    0.3325   -1303.9852  0.7981 
   00850    0.4375   -1293.7667  0.7941 
   00851    0.3925   -1310.1328  0.8036 
   00852    0.3725   -1309.2547  0.7996 
   00853    0.3925   -1285.7867  0.7939 
   00854    0.4175   -1286.6663  0.7885 
   00855    0.3975   -1277.0563  0.7819 
   00856    0.4175   -1288.4208  0.7943 
   00857    0.3925   -1283.0085  0.7902 
   00858    0.3675   -1272.0415  0.7926 
   00859    0.4075   -1283.7746  0.7965 
   00860    0.4075   -1273.1739  0.7902 
   00861    0.4500   -1266.5203  0.7787 
   00862    0.3525   -1291.7595  0.7845 
   00863    0.3925   -1274.7473  0.7825 
   00864    0.4150   -1282.3267  0.7886 
   00865    0.4500   -1275.1477  0.7850 
   00866    0.4275   -1272.2620  0.7952 
   00867    0.3700   -1265.4736  0.7832 
   00868    0.3925   -1275.9488  0.7849 
   00869    0.4375   -1247.4667  0.7815 
   00870    0.3650   -1227.6234  0.7712 
   00871    0.4150   -1245.1236  0.7839 
   00872    0.4225   -1258.2357  0.7800 
   00873    0.4025   -1268.6135  0.7979 
   00874    0.4850   -1254.5377  0.7970 
   00875    0.3975   -1256.0512  0.8043 
   00876    0.3900   -1246.4924  0.8000 
   00877    0.3775   -1241.5784  0.7873 
   00878    0.4125   -1264.0916  0.7945 
   00879    0.4500   -1268.2897  0.8047 
   00880    0.4075   -1243.9229  0.7942 
   00881    0.4325   -1252.0068  0.7950 
   00882    0.4200   -1270.8205  0.7972 
   00883    0.3700   -1232.4364  0.7898 
   00884    0.3625   -1248.6875  0.8025 
   00885    0.4625   -1260.8021  0.8004 
   00886    0.3825   -1263.6999  0.7975 
   00887    0.4050   -1259.8977  0.7914 
   00888    0.4300   -1247.5626  0.7927 
   00889    0.3700   -1242.4844  0.8030 
   00890    0.4025   -1251.6392  0.8064 
   00891    0.3725   -1257.0560  0.8024 
   00892    0.3625   -1244.6647  0.7908 
   00893    0.4075   -1250.8620  0.7962 
   00894    0.3975   -1235.4434  0.7875 
   00895    0.3925   -1262.9157  0.8014 
   00896    0.4075   -1257.0288  0.8053 
   00897    0.4075   -1240.9610  0.8159 
   00898    0.4075   -1263.0494  0.8238 
   00899    0.3525   -1280.1577  0.8309 
   00900    0.3975   -1295.5210  0.8405 
   00901    0.3775   -1310.6675  0.8408 
   00902    0.4225   -1317.0986  0.8299 
   00903    0.3600   -1302.3347  0.8320 
   00904    0.3750   -1285.3690  0.8290 
   00905    0.3950   -1267.9953  0.8118 
   00906    0.4350   -1283.0830  0.8243 
   00907    0.3750   -1294.5284  0.8343 
   00908    0.3900   -1267.1898  0.8142 
   00909    0.3850   -1279.5451  0.8127 
   00910    0.3975   -1285.4040  0.8221 
   00911    0.3600   -1288.7339  0.8234 
   00912    0.4100   -1278.3777  0.8170 
   00913    0.3850   -1281.5597  0.8105 
   00914    0.3825   -1296.7362  0.8125 
   00915    0.3550   -1270.0301  0.8027 
   00916    0.4025   -1250.6389  0.8046 
   00917    0.3775   -1249.6669  0.8007 
   00918    0.4150   -1240.3637  0.7989 
   00919    0.3975   -1272.3916  0.8154 
   00920    0.4025   -1261.7659  0.8045 
   00921    0.4275   -1270.0152  0.8041 
   00922    0.4200   -1259.4654  0.7952 
   00923    0.3850   -1254.9037  0.7959 
   00924    0.3550   -1248.4611  0.7909 
   00925    0.4150   -1255.6751  0.7881 
   00926    0.3850   -1271.4041  0.7885 
   00927    0.3625   -1253.8141  0.7857 
   00928    0.3850   -1247.0034  0.7844 
   00929    0.4325   -1238.9387  0.7798 
   00930    0.4225   -1266.4289  0.7959 
   00931    0.4075   -1274.0078  0.7930 
   00932    0.4025   -1259.4755  0.7862 
   00933    0.4475   -1257.8896  0.7754 
   00934    0.4300   -1270.7570  0.7785 
   00935    0.4100   -1260.2518  0.7936 
   00936    0.4400   -1268.7686  0.8020 
   00937    0.4000   -1275.6806  0.8016 
   00938    0.3925   -1289.4020  0.8059 
   00939    0.4150   -1268.3204  0.7881 
   00940    0.4250   -1256.7829  0.7811 
   00941    0.4150   -1264.8473  0.7885 
   00942    0.3950   -1281.8249  0.7953 
   00943    0.4225   -1286.3552  0.8039 
   00944    0.4125   -1293.4754  0.8122 
   00945    0.4225   -1292.4437  0.8096 
   00946    0.3275   -1276.1987  0.7982 
   00947    0.3825   -1274.9128  0.7988 
   00948    0.4125   -1280.4581  0.7968 
   00949    0.4275   -1300.3363  0.8137 
   00950    0.4150   -1311.0655  0.8206 
   00951    0.4050   -1292.3627  0.8144 
   00952    0.3775   -1291.6309  0.8049 
   00953    0.4025   -1304.6545  0.8125 
   00954    0.4425   -1288.5039  0.8225 
   00955    0.4100   -1284.8450  0.8244 
   00956    0.3775   -1301.0507  0.8323 
   00957    0.3975   -1293.1541  0.8277 
   00958    0.3775   -1288.9965  0.8289 
   00959    0.3875   -1300.8378  0.8300 
   00960    0.3925   -1302.2574  0.8376 
   00961    0.3625   -1327.8629  0.8505 
   00962    0.4150   -1320.8967  0.8484 
   00963    0.3825   -1316.5659  0.8459 
   00964    0.4000   -1291.2065  0.8354 
   00965    0.4050   -1269.6620  0.8212 
   00966    0.4550   -1264.6534  0.8112 
   00967    0.3650   -1306.4592  0.8251 
   00968    0.3725   -1306.3771  0.8209 
   00969    0.3850   -1300.2001  0.8200 
   00970    0.4025   -1325.4697  0.8360 
   00971    0.3775   -1309.5407  0.8256 
   00972    0.4300   -1294.4210  0.8253 
   00973    0.3875   -1279.9842  0.8124 
   00974    0.3825   -1287.8542  0.8130 
   00975    0.3850   -1282.3799  0.8170 
   00976    0.4075   -1283.2446  0.8131 
   00977    0.3900   -1284.6686  0.8162 
   00978    0.4175   -1279.9980  0.8071 
   00979    0.3775   -1304.3758  0.7968 
   00980    0.4275   -1305.1601  0.8015 
   00981    0.3700   -1286.8421  0.7921 
   00982    0.3825   -1302.5241  0.7976 
   00983    0.3800   -1292.9481  0.8007 
   00984    0.4100   -1270.9785  0.7931 
   00985    0.3950   -1278.3027  0.7920 
   00986    0.3425   -1277.5622  0.8025 
   00987    0.3950   -1308.4073  0.7905 
   00988    0.3775   -1297.6458  0.8006 
   00989    0.4275   -1282.0237  0.7900 
   00990    0.4050   -1267.5423  0.7712 
   00991    0.4175   -1236.7765  0.7603 
   00992    0.3800   -1259.3519  0.7592 
   00993    0.4400   -1273.2075  0.7598 
   00994    0.4025   -1270.8035  0.7675 
   00995    0.4100   -1289.3988  0.7824 
   00996    0.3525   -1289.9892  0.7910 
   00997    0.3775   -1286.3622  0.7979 
   00998    0.3825   -1275.3489  0.7958 
   00999    0.4200   -1277.1098  0.8055 
   01000    0.4100   -1269.2993  0.8102 
